given input file:
---------------------------
0 -21.123415 68.037543
1 82.329472 59.688007
0 53.645919 -32.955449
1 -4.520590 10.793991
2 2.680182 -27.043105
0 27.142346 83.239014
2 21.393775 -71.679489
0 -72.553685 -51.422646
2 -19.811121 -68.664182
1 99.784904 -78.238240
0 67.822447 2.586479
0 27.510454 -40.793676
1 94.555005 -1.283403
0 5.348996 54.271540
2 78.305890 -19.954276
2 61.544904 -29.508331
2 89.865415 -86.048945
2 -61.557231 -82.788830
2 -30.221413 78.046521
1 -8.459653 -95.995390
2 94.126826 -52.344009
2 -46.666850 70.183957
1 52.049747 -24.958605
0 6.321287 33.544752
2 86.367011 -12.472481
2 -43.141319 44.190469
1 -29.190264 27.995763
2 -11.979094 -66.805167
0 -33.932574 65.840219
1 -29.927964 78.674483
2 17.728027 91.293651
1 -12.088016 71.735265
0 62.953379 -20.312667
1 -3.501869 82.194406
2 84.025651 90.050475
2 28.216119 76.212434
1 -43.788118 23.919297
2 -10.593284 -38.508425
0 -44.753066 -62.493378
2 -66.078583 -16.699744
0 -74.784932 -79.365762
2 96.950333 52.095046
0 -23.362334 36.889003
1 -41.167928 -26.267292
0 -51.117453 16.897700
2 -74.905019 46.429703
1 49.014278 -67.179613
2 -89.494148 90.020806
0 -51.987526 -64.757869
2 31.312731 46.530882
0 51.946968 27.891669
1 4.042014 -73.019518
1 -59.068983 -86.018720
1 14.663726 63.935456
1 -68.438574 -89.612236
1 77.991129 -59.134278
0 -89.188484 99.559800
2 -99.167678 -85.534240
2 -63.925547 18.778436
1 82.605335 -21.661954
2 10.497004 -28.180926
2 37.477487 -9.484831
2 51.458766 6.161598
1 15.394223 98.445692
2 25.781986 49.561859
0 66.647708 49.560573
2 66.207508 74.654269
1 80.673268 48.762241
2 -0.548296 33.376067
1 77.789750 66.002367
0 -50.391176 29.941397
0 40.123993 -54.172604
0 -53.714410 -34.244591
2 -55.268717 26.614439
1 94.293142 2.137194
2 43.853715 9.221376
0 18.507984 -5.703314
2 -32.729775 -9.816488
0 -99.353708 -13.097341
2 66.648659 19.696260
2 -3.409944 35.095196
2 42.417452 -39.008863
2 -91.827139 24.364564
1 34.787299 39.196758
1 -63.075506 -30.576825
2 46.145869 25.431577
0 -59.557445 48.087688
1 30.626066 36.951307
2 -82.471274 6.488195
2 37.224986 75.476786
2 -27.679818 -77.744874
1 33.311318 18.642291
0 -42.324118 55.153449
1 96.872641 -62.049804
1 -33.704185 65.478227
2 91.727392 -12.700601
0 39.815081 52.974287
0 -23.233612 37.157158
2 83.254582 88.610255
0 58.731368 -59.290357
0 80.986494 -40.542310
1 -0.371215 74.795794
1 -45.217766 -67.448651
2 -7.267570 -1.520236
0 -41.789343 -0.804521
2 45.510057 36.835688
0 -1.515656 20.621765
0 -64.358498 44.850398
2 -75.748243 -0.294904
2 -35.038600 -27.911479
2 24.419090 81.696931
0 -0.785116 63.625522
0 31.766233 -21.134568
1 -69.754003 -48.218776
2 29.441476 -78.430344
2 -33.722836 -42.346096
2 86.898929 -14.534456
0 31.749327 -46.907735
1 -68.545577 -2.514627
2 3.542944 25.133064
0 -14.760125 11.512123
0 -51.134603 -21.122325
0 27.730829 45.872014
1 79.512053 -32.351415
0 -98.918290 -17.842412
1 -41.264386 54.877247
2 44.201158 73.106963
1 97.293423 -10.178978
2 -5.221205 -57.823416
2 -80.088141 -81.216098
1 31.423982 -39.647380
2 -89.698343 -73.659571
0 56.173671 -8.456878
1 -76.177744 -11.487953
0 5.979844 15.726969
0 -39.142909 -27.616632
0 -66.035946 -4.683069
2 23.785076 5.149423
1 65.961660 -53.268758
0 84.745562 -80.232516
0 -54.901818 -3.653329
1 -28.561389 -41.834267
0 62.981733 -31.149808
1 -48.506220 -92.734520
2 67.220750 25.192822
2 -60.395882 -55.798127
1 34.921049 -78.053462
0 -59.929528 43.892361
2 -13.198286 -36.868394
2 6.569198 -22.850353
2 -97.084131 11.079547
1 -38.918399 -23.566571
0 29.931793 -47.911032
2 37.197273 83.918178
1 -37.609906 39.569645
2 6.591967 -98.799045
0 28.538505 23.689355
2 -27.569134 -19.858190
2 35.562472 60.379340
1 -87.287881 -93.421470
1 23.791667 -62.476718
0 -99.774904 13.566217
0 -47.685936 -38.952237
0 -63.767757 71.511042
0 75.801887 33.468102
0 77.002842 -37.354090
2 0.692197 -68.572163
0 80.834007 35.130812
0 41.213346 -21.095742
0 47.791877 9.479419
2 85.315159 -53.376223
1 -1.118624 86.684004
2 59.929139 87.825833
2 31.440182 18.899454
1 -35.091717 87.170348
0 27.554194 17.831337
0 58.982030 55.084293
1 -5.887158 20.875754
0 73.017101 59.098082
1 -17.503481 32.882882
2 29.120297 19.379801
1 15.804301 -70.331612
0 3.630134 40.182070
1 -77.470412 3.009816
2 -90.300064 2.069805
0 27.531273 -23.068318
1 -17.384434 -71.203600
1 -96.508679 -18.646685
0 62.589403 14.744236
2 -4.527715 -10.651496
2 -85.147914 -88.255351
0 -55.479526 19.455952
2 84.702543 26.048631
1 -12.287640 -7.429550
0 89.782165 90.532450
0 -33.286154 53.402734
2 -4.489754 -56.172788
0 76.863561 -6.766281
1 -8.392203 -63.246931
0 80.956302 53.289519
1 92.700950 52.322489
1 12.156902 -19.524245
1 -61.794466 24.433322
1 30.775984 -27.978977
2 21.308434 -57.861688
0 -25.288832 -78.044462
1 18.538379 29.304037
1 -88.227901 19.268102
2 -51.474832 12.723488
2 -98.185313 -31.231724
1 54.137176 20.285349
1 -65.387069 86.654508
2 59.046253 -2.455860
1 -68.932724 93.136316
0 -26.794411 76.440852
0 -4.838874 49.527552
2 -75.534837 89.328098
0 43.733265 24.638891
0 -43.543248 -63.186755
0 25.225028 -59.404604
2 -54.489623 -74.666151
2 -67.835115 -97.226749
2 29.709025 -7.630443
2 22.845341 -79.828604
2 -0.713807 -21.250782
1 -51.186256 -41.364525
0 -61.858157 13.232899
1 62.780734 -13.631297
0 99.593979 -28.723395
1 -59.810625 4.709675
2 -34.476777 39.957432
0 -31.703525 29.342366
0 60.666032 53.340230
0 80.837427 36.384347
0 -40.413355 50.495741
2 18.222120 -62.187277
1 -68.544981 -79.709169
2 17.823721 -72.765898
2 89.100326 77.910638
0 -6.189999 85.043925
1 -66.232567 17.402241
0 63.109799 -4.729067
0 16.450029 5.304510
0 -47.165624 -54.952888
2 -96.669884 7.635055
2 -58.857161 -30.490809
0 -38.566330 -19.802930
2 -11.332228 29.026793
1 -33.421591 40.637249
0 -48.377665 51.841685
2 69.024576 -96.764505
0 -35.704491 20.152529
2 69.600019 5.366037
0 -85.352868 -48.754423
1 22.282187 77.962544
1 91.791377 64.266157
1 -28.011552 -31.208111
2 -98.984759 -95.227360
1 41.652490 -41.422888
0 -6.505825 1.481910
0 -3.270330 -61.803290
1 -83.117801 -91.321058
2 22.248236 42.270974
1 73.493814 92.313035
0 51.456358 -4.810529
1 15.722515 -98.603977
1 84.514404 48.745414
0 89.287044 57.528475
0 -52.135844 -45.020692
2 49.346066 -80.991450
2 87.542776 -65.339874
2 96.221718 -80.663722
0 38.492692 -31.692061
0 30.805727 -13.120381
0 -74.004802 20.098431
0 -72.608779 -24.400570
0 76.136635 -77.108194
2 33.665110 -57.827370
1 88.644418 -37.531305
0 -92.347033 -75.582750
2 -57.686907 -20.140021
1 -38.350629 -67.967621
0 29.957310 -98.913022
1 -83.163071 -7.610187
2 36.935360 57.186462
0 -87.465210 73.439469
2 -64.573404 5.414991
0 -22.400773 -78.095083
2 40.067922 27.681886
0 64.485172 -18.676989
2 -55.654849 84.310202
2 -23.622470 -25.159832
1 -22.535492 61.591852
0 69.854322 86.836228
0 27.040784 42.886331
1 0.480253 24.931632
0 -94.104755 34.368153
1 -72.199838 19.941309
1 55.482048 -60.820425
0 -63.194941 47.062259
0 -78.884740 -37.402091
1 -4.044572 -79.553347
1 -42.452720 -60.055232
1 -55.616492 89.400193
0 87.269839 55.692547
1 12.201471 -41.079740
0 -53.430376 74.682764
0 66.510933 25.871863
2 -94.309492 54.660189
1 52.752766 23.516437
0 -84.649325 -43.142144
2 -64.202671 -65.455574
0 -24.257903 -11.391473
2 -34.857710 -79.862864
0 -79.165164 21.520067
0 -20.244904 49.943782
0 -45.562140 -21.152250
0 80.309723 -86.353037
0 34.969912 76.246338
0 -41.513651 -5.672240
1 15.344206 -50.785759
2 49.888632 -74.784017
0 -61.502841 -2.826848
1 -41.365705 -73.322398
0 80.154362 -99.434441
0 30.098144 61.723355
1 -91.054106 -64.917379
1 -77.407143 55.011511
1 98.839195 -58.548666
1 -6.833046 33.581664
2 42.381196 78.464761
1 67.597178 -61.301468
0 -35.229670 34.729632
1 -8.552068 6.502829
0 -7.986509 43.418316
0 -46.263154 -98.831362
2 -11.180533 38.674058
1 -56.169022 30.617337
2 -14.717688 2.870339
0 -81.136024 -89.906747
0 97.328736 75.802517
0 -63.972731 -43.144014
1 70.756901 -12.201912
2 -22.740270 57.237348
0 -79.321954 -14.689096
2 -78.153316 93.538822
0 60.520742 -68.135116
1 -8.861922 -20.863160
2 94.008417 49.001653
2 -95.898330 -82.294339
0 79.904188 79.576622
0 -63.239826 -16.171220
2 24.558262 55.678115
1 -18.204390 -7.702219
2 67.106515 20.365379
2 60.645337 -59.553533
2 92.510221 -85.735599
0 -28.352938 -23.098198
2 -79.351285 83.370181
1 -61.645625 75.120872
1 -82.069002 85.735538
2 1.759777 93.678941
2 -42.562108 -62.350388
0 49.735673 -47.622816
2 -29.898948 44.364487
2 10.547519 -42.970164
1 24.811921 91.541869
0 -98.286277 -13.425356
0 85.083904 -27.254503
1 60.204775 -47.075233
2 45.940313 -62.794292
1 39.619254 -98.609164
0 77.268866 -97.663861
2 -70.353950 27.839704
2 74.010538 35.138879
2 -68.959627 9.544568
1 -77.417758 -55.404405
2 9.156886 72.156842
1 81.902382 71.365152
2 -65.172851 91.222176
2 -27.967143 -50.566425
2 -26.576307 25.575972
2 -24.240168 3.478146
0 -96.400465 38.818213
1 38.738414 23.893952
2 -51.717018 79.070744
2 -7.121423 44.795055
0 -34.964581 -64.668714
2 -63.599429 27.581241
0 -72.377254 -95.084901
1 -22.943679 -57.546267
2 -97.367707 -74.067320
2 6.110439 49.030881
0 -55.071349 -50.602052
1 68.822604 79.411065
2 47.893347 -16.565280
2 -7.311598 -81.501252
1 28.019689 76.145018
0 -44.399071 -57.051827
0 -39.483972 -8.346290
0 2.969761 75.186397
0 28.902441 30.751940
0 -22.066678 59.741177
1 27.331269 -35.509754
0 6.742334 72.838850
0 90.177054 -80.074131
2 -91.324198 15.295869
2 84.820819 3.544447
2 -72.231008 56.828443
2 19.422702 -53.486989
0 -5.390901 63.820324
1 -74.638961 58.183959
0 85.102217 55.179887
2 -50.407538 -41.713747
2 -77.568687 -93.678729
2 -57.642819 23.178893
1 57.653051 87.929861
1 -38.802503 45.369232
1 -81.974059 -69.171709
1 -35.461049 71.888280
0 -71.640724 73.464297
1 86.543235 -21.989925
1 41.723122 11.458294
2 -99.990624 -77.160166
1 -93.669353 -38.447356
0 29.509539 -92.992211
2 17.439400 42.639988
2 -37.191367 -13.052012
0 -6.363076 -83.923193
1 -34.474796 72.974618
0 -61.010499 -50.704869
0 16.999576 -79.775257
2 -71.542131 -83.484605
0 -48.702296 97.908263
1 12.850348 -71.106407
0 19.858137 -17.689764
1 -37.501875 78.084060
2 49.446113 -68.489065
0 65.522920 46.135308
0 38.497538 -21.214379
2 87.792670 -24.025114
2 -91.982587 1.523426
2 -75.467192 13.615201
2 -77.558930 -32.569902
2 -48.665337 -78.745629
2 33.644899 81.409290
2 11.728959 -28.926251
2 43.239894 -21.822392
2 -10.624798 48.090100
0 68.160823 11.639516
0 -55.864291 40.714136
1 45.659135 -91.221743
1 -40.725664 93.841953
1 26.704434 -92.636481
1 47.958805 -27.817211
2 29.368095 -50.147593
1 -99.558156 47.380162
1 -21.380548 7.406042
0 -73.290448 -83.121966
2 38.349068 -8.127053
1 -20.936796 5.365398
2 -12.158540 6.650519
1 -18.316587 15.953053
1 -10.953067 49.788394
0 61.229722 -93.935194
2 -88.917872 13.675880
0 58.462290 54.931854
2 -34.131668 7.916786
1 -17.253634 -95.858388
0 74.619313 89.741640
2 -20.015289 43.502491
2 86.635230 41.399052
2 2.588282 -15.045253
2 -47.623324 -12.215222
0 -41.558518 -82.680757
0 72.117363 -5.187488
0 27.049216 1.673877
2 -65.033998 8.977085
2 -60.892387 94.899746
1 -71.150747 7.531958
0 72.351744 58.513239
2 13.750796 -11.442278
1 98.705543 6.443666
2 -13.509679 -93.986976
1 3.809564 94.629313
2 98.622076 44.475325
2 0.295953 5.403464
1 -90.726962 -75.206106
1 -95.827217 -89.947345
0 11.704741 -21.942218
2 -29.782020 20.682222
2 58.775702 -56.708627
0 -34.780631 52.535754
0 -28.767608 64.368417
1 -34.138294 -71.422244
1 -89.662970 51.228578
2 15.740495 -54.003239
1 40.534388 -32.185839
1 50.587043 24.597563
1 -71.355174 -79.511423
0 49.327048 45.228845
2 92.618421 -57.679142
0 45.154175 -46.836334
2 9.522592 -37.287983
2 38.100348 58.750690
2 -10.671074 58.598926
2 35.325687 57.069239
1 -96.860152 -44.164496
0 27.737411 63.874806
0 48.225988 -23.913108
1 -6.545167 0.003720
0 35.775691 94.138527
2 88.939357 -52.950963
2 -48.348626 65.178915
1 -89.597936 54.541186
2 69.000990 -90.234837
2 26.070229 -24.673831
1 81.905733 -43.372329
1 45.780539 78.463561
2 -78.132569 -49.113506
0 21.871151 51.954253
0 16.009678 -97.650941
2 63.058714 -54.637713
1 28.237630 -66.470310
1 -17.221185 31.219684
2 -7.456022 67.010027
1 67.870147 -7.870705
1 -75.502182 52.574251
2 -97.038621 -83.840946
2 -46.152127 -92.518732
1 -94.197874 47.029470
0 -91.848815 80.032505
1 -46.486528 48.811232
1 -12.956838 6.529315
2 -81.737154 15.898773
0 85.272873 35.670295
0 -22.597832 24.442807
0 -70.023581 -60.714452
1 -53.864528 36.034022
1 -46.383260 78.563034
0 -99.353791 -57.040522
0 80.678715 -70.772928
0 29.489946 31.504343
1 -63.980739 96.840329
0 51.918034 90.413945
2 -12.411672 -33.233624
1 -87.968865 -64.337215
1 -48.683317 72.429341
1 87.350705 33.693716
0 65.913740 -2.080531
2 -91.126783 15.993096
0 -61.899711 39.868848
2 69.604632 71.895786
1 66.444962 -42.563803
2 56.858907 -69.980231
0 -76.374718 -79.133813
2 -40.711933 96.985478
1 -68.282592 -49.493063
0 65.411123 34.004815
1 -36.669408 -36.361836
0 79.323688 -53.111746
1 19.192536 -69.215447
0 -8.911677 95.359566
2 48.524519 -10.575474
2 78.544288 -80.491254
0 99.410475 1.511000
0 96.395953 -28.898417
0 -53.097110 -47.276699
2 80.907705 -14.338298
2 -55.454131 5.950809
2 -8.565877 -7.846345
2 22.218676 -12.770282
0 17.578243 20.406071
1 -92.997232 23.187055
1 -73.488485 -7.586998
0 28.022515 -81.502145
1 99.124098 68.207990
2 -48.152601 77.206192
2 37.509101 -82.078199
0 -56.540090 -75.951466
1 35.613565 -6.494141
2 -77.156717 42.286873
2 43.249354 10.260422
0 -33.563591 69.322294
1 58.849411 76.908686
1 77.347266 63.039366
2 45.555256 48.580521
0 22.761448 30.517630
1 40.683249 59.357628
0 64.731784 69.105332
2 -41.762357 -76.601096
1 -99.475485 69.126600
1 10.784938 -62.927027
2 -19.892768 -77.402413
2 -42.984082 -84.875030
1 -79.944716 -65.836132
0 68.635805 81.225281
1 -0.846565 27.410792
0 -41.488937 25.443701
2 -72.383605 -39.014289
2 -48.984701 -60.012369
2 -79.858100 54.603116
2 -42.785128 -7.938116
0 -20.187540 72.770005
2 -5.062570 19.914536
1 29.101298 -74.091523
0 10.326579 9.249685
2 -62.262629 38.146148
1 63.181072 -10.195940
0 -75.833216 82.145220
0 -35.845585 -60.781836
0 -81.242469 54.528751
0 10.819415 -29.636146
0 -16.410579 -3.016106
1 -96.496044 -96.288834
2 -70.587566 67.454356
0 38.662119 51.252831
1 -23.191733 3.687110
2 66.612327 55.274824
1 48.757547 -34.626398
2 87.975711 -96.911226
1 42.504463 91.819245
1 -87.131683 -99.308384
1 9.852210 -33.221141
0 13.563377 -87.321438
0 -18.982267 -46.484306
0 -67.729437 -76.545875
1 35.957673 3.719136
1 -8.767502 -78.278482
2 56.606100 2.904972
2 59.694874 -91.744791
0 51.514119 77.759862
0 52.205735 66.022046
1 -81.015407 -34.896355
1 -68.336845 -52.225335
1 -14.821151 -66.050359
1 8.632975 -50.462949
0 -87.647889 -96.213420
2 -65.926371 -65.155623
1 36.978600 -67.485500
1 45.233810 78.942171
1 22.993672 13.345552
0 -10.984283 90.253397
0 54.119362 -19.970442
0 -98.105973 -20.342070
1 -64.156333 92.849678
0 -14.619282 87.059159
2 -10.832702 -86.460797
0 24.011675 75.976921
0 56.526175 -70.352864
2 35.468345 -60.076550
0 -51.186102 -90.105362
1 -60.932705 31.379945
2 19.096853 -94.929014
0 98.754783 -2.253379
2 91.604462 -77.914589
0 78.663621 -68.396950
1 92.202824 49.753664
0 68.179745 -19.743611
0 97.826881 -55.167258
1 -62.249669 46.387696
2 -52.355031 93.176460
1 79.024914 62.958895
1 84.095900 -78.242953
1 -18.157479 -65.325439
2 3.927932 -50.513898
2 35.530982 0.141311
2 -14.715355 -63.822763
1 65.541034 -38.619538
2 -89.626224 -89.404637
1 56.761472 16.336438
1 49.937931 57.545858
2 12.896826 -52.430824
1 34.653873 76.659789
2 69.328434 -75.152745
1 -81.185464 -28.210496
0 18.955846 10.336216
2 55.133084 27.546548
2 -83.486454 36.959705
0 -72.891091 14.552606
1 43.445346 -10.027612
2 0.991204 3.142501
2 48.560380 63.957582
2 25.220168 -96.202422
2 50.067423 -72.266527
1 -78.143072 33.511889
0 32.193143 43.218237
1 -40.260309 -11.544433
0 96.699396 18.977542
1 11.252002 15.040550
2 -98.775610 21.477335
0 4.366891 -15.324409
2 -31.675527 97.811779
2 -27.877949 -76.155208
1 -0.144476 84.531678
2 -66.632586 14.546997
2 76.585651 -36.623148
2 -34.958782 31.162554
0 84.018760 54.081339
0 -0.940690 93.513670
1 -79.463356 -39.945090
2 5.212235 -29.958504
0 3.024014 81.019286
0 26.868806 -59.442545
0 11.400483 -74.684206
1 -74.052520 60.141555
1 -10.675668 16.824244
2 -79.513115 -94.299924
2 74.568224 54.315600
0 68.081894 -0.369480
0 -71.863196 56.197442
2 -1.821700 -86.011246
1 -20.802414 76.146958
1 19.755041 -93.370365
2 45.070835 9.234363
2 5.212390 11.694615
2 -77.963366 47.522281
0 -72.263290 59.935598
2 82.052311 -62.609867
2 -18.317169 -1.136573
2 -62.119727 -40.603969
2 -48.130972 -59.534720
0 -71.984015 26.746763
0 -65.354380 16.052261
2 43.879983 -67.773436
0 -44.425402 -40.198650
2 -96.903121 13.323617
2 63.032477 -43.829785
2 -99.577390 -80.496301
0 -0.713963 57.405406
0 58.682068 -36.610992
0 99.147348 97.509414
2 25.894111 -70.191880
0 -58.053628 41.304411
1 -25.827064 72.555744
1 33.974286 48.877911
2 -52.702097 -69.587531
0 3.468118 33.983660
0 22.971817 -34.708439
1 -19.622777 78.651773
2 43.766231 73.694816
2 41.275646 -93.381868
2 71.083766 -8.589525
1 12.388177 -95.781196
2 -15.056079 51.672754
0 -66.178168 -56.993315
2 -35.765699 89.915215
0 98.217961 39.920623
2 -36.490479 -47.041492
1 -57.838706 66.419003
0 -84.143890 79.165534
2 -77.525759 50.594134
2 13.884717 21.170081
1 18.103521 -82.359860
1 -30.223725 56.056570
0 12.782960 68.645937
2 2.698175 15.209589
2 -57.381202 9.071145
1 -4.422694 -93.599182
1 -38.003691 -73.297692
1 -58.838157 27.381021
1 91.755977 71.825965
2 12.926058 57.546555
0 30.566198 14.350911
1 -13.377231 83.543444
2 -44.731295 37.679898
0 70.478294 25.638184
2 -20.450561 77.830772
2 -14.049743 -71.758681
0 12.652564 42.161389
0 -59.966415 -1.757248
1 -88.140450 -29.819776
0 69.406105 -35.408062
2 -16.242984 72.888369
2 -32.699541 99.288321
2 -95.019643 -4.535453
0 30.618541 4.423734
1 8.449313 -83.918905
1 36.690632 70.357254
0 -21.147979 -79.789281
0 77.094772 32.060493
1 -52.725003 -14.927889
1 11.866935 -70.160295
1 -15.244696 -12.466642
2 -15.956375 -24.206791
1 79.508173 50.675828
2 -16.068094 -19.172847
2 0.013001 81.456773
1 -29.629745 61.635831
0 -9.419026 -72.234855
0 -77.358532 -93.452977
0 7.713579 -74.637513
1 37.553284 -43.962500
2 -74.913359 -43.881381
2 0.879850 39.956752
1 -48.444322 -8.904654
2 32.382832 -52.785704
1 13.839604 33.951787
1 -24.524565 29.138590
1 3.240580 -38.983974
2 9.787603 -28.254518
2 35.150090 -40.430290
0 91.187590 -5.331065
2 -52.693791 -58.364905
0 87.262961 -26.643441
2 -21.641693 89.121649
0 25.572603 -15.605089
0 -40.475611 -36.399920
2 88.662980 42.818250
1 -50.320994 -7.593325
0 21.424487 32.576075
0 80.994198 95.386942
1 -24.336867 65.911389
1 17.298228 -26.010881
1 90.654787 -92.846510
1 79.776436 -58.802289
2 -35.828653 26.797611
0 27.771427 44.780342
2 -29.410323 -23.397322
1 62.996352 -16.099551
2 -4.427574 94.438799
0 -9.040631 -85.235247
0 -43.129243 70.240796
2 30.859876 16.904430
0 38.013366 10.874273
2 79.211077 -7.892923
1 6.008688 51.698188
1 -49.210970 36.861902
1 27.391708 81.550005
2 -88.707843 -85.098912
0 -94.269043 -2.068824
1 -79.504290 2.385752
2 90.736506 -12.165475
1 7.640936 48.946432
2 -81.484791 27.356566
2 10.622286 -3.578514
0 -37.679525 -54.737157
0 99.182377 -41.724454
1 80.732382 99.059675
0 95.633470 -89.566518
1 -6.435354 84.803640
2 95.950398 -45.253776
0 -16.215076 -84.351823
2 -67.268645 -66.579113
0 60.087921 82.053473
2 -43.490593 -31.300575
0 1.772249 34.556454
1 60.047795 6.422171
1 59.107470 29.076917
1 69.540952 -20.876627
0 54.344592 -59.538015
1 -90.909185 -92.468445
2 -75.261008 95.096834
0 -41.840121 73.398619
2 -59.786648 -40.658660
0 8.912777 63.799270
2 -56.530768 78.879487
0 49.891402 -43.719821
1 -21.031680 32.863247
0 58.091692 90.178698
0 98.553677 -56.872382
1 -93.914768 89.641184
0 -98.817935 32.105149
1 74.580684 58.354037
2 -66.077976 -82.665720
1 97.721294 -63.597556
1 76.600781 11.980015
0 -67.119040 -10.670165
0 65.744207 -73.272550
0 55.922905 23.232535
2 99.050522 89.278572
0 88.691706 -90.330799
0 20.796855 -60.849355
0 -20.849108 -6.628919
1 -3.514828 -94.248604
2 32.887616 58.345064
1 -55.132370 -80.148491
2 34.197465 24.827186
0 60.924914 79.694264
2 -15.842551 13.529663
2 -26.563979 -94.543247
1 -16.894778 -4.062479
1 22.255867 92.503521
0 -84.373052 -9.748414
0 -78.621656 62.580335
1 79.723409 -31.168892
1 99.574917 72.803175
0 24.402103 -46.623977
1 4.096367 66.829832
2 -82.373970 -53.972153
0 -76.917217 -18.851234
2 19.020304 15.320208
2 11.523825 38.183357
2 -98.224589 -18.156640
0 64.355746 4.654255
0 -66.813145 -76.049678
0 -94.009970 -23.865995
2 -40.633946 73.185317
2 -73.804115 -95.565906
1 -27.776268 96.607785
2 53.372498 -27.061075
2 -31.307294 -77.293915
1 -93.123937 -44.421532
1 -11.280577 -89.293282
2 93.373678 81.461916
1 -82.676000 73.595458
0 -6.541995 45.452409
0 -33.356678 16.884277
0 -28.922585 -87.281752
0 -32.314800 -87.351414
0 40.624125 -69.795046
0 63.330210 -29.155896
2 -81.091322 -69.496442
0 -70.384604 1.686837
0 -88.922688 74.645527
1 84.672770 -88.040038
1 30.125179 -17.538747
0 -52.990544 58.952573
0 -40.272296 -5.190053
1 -27.623710 -43.136794
0 2.581244 -8.859803
2 73.425348 -21.210314
0 -96.071094 35.131881
2 5.615743 98.350138
1 -19.738731 50.287819
1 -7.778768 -4.400824
2 74.682484 -41.765466
1 33.635058 14.327897
0 -71.554995 -62.935419
2 -14.691789 -69.121320
1 76.448409 -7.622020
2 -44.761905 -5.498596
2 90.369976 -40.044961
2 88.720114 -55.682648
0 39.007933 -41.704940
0 -65.392891 -16.649919
2 -7.158357 -6.922129
0 -92.830460 -67.069160
1 -55.765880 -80.206735
2 -24.887200 -33.616607
2 67.490780 85.349811
0 -38.007816 -93.102527
2 21.947223 -98.129518
2 66.264575 -99.227603
1 -75.440365 5.290056
2 7.909716 -9.931017
2 -99.012413 67.069142
0 -66.081572 -81.248214
2 -46.288308 -95.930514
0 20.095085 -82.167808
0 5.444896 16.903109
0 12.342368 92.422435
0 14.212850 23.179855
2 14.985248 -55.692749
2 -79.724697 54.154762
0 10.344287 -96.989795
0 -22.586571 -13.527244
2 -3.834786 -37.223049
0 0.234701 -53.749314
1 18.066893 -26.041459
0 -65.029998 76.779196
0 -72.607564 -52.909368
2 50.572292 79.394252
0 94.879543 -66.354906
1 49.034304 -45.839488
0 52.044509 -0.764435
0 -61.482735 -47.779666
0 1.294217 -93.807310
2 47.544903 94.083474
2 -78.496557 -64.314050
0 98.282640 97.383510
2 -54.626728 -35.474033
0 -75.232477 -55.989209
2 -41.587382 37.708467
2 12.573130 46.391389
1 -88.191305 75.349616
1 -35.970972 14.652128
1 -29.778282 31.368069
1 -35.694808 -55.750775
1 -0.008858 -42.634920
2 -2.625348 88.547829
1 61.900619 54.700579
1 -94.088589 48.245766
2 43.619877 -7.636756
1 -9.988734 -68.639735
1 -34.639118 19.391590
1 80.013010 59.467424
2 11.381079 -61.939477
2 55.630304 -82.052161
1 -87.004616 45.380058
1 -98.456787 -5.684280
1 56.243792 -58.465979
0 4.489558 -65.874405
2 96.852802 -48.515309
2 -71.786933 27.256405
0 47.604657 15.601249
2 7.072081 15.754788
1 45.132605 79.937355
0 63.080444 14.341641

---------------------------
Fraction -6.545167/0.00372 - -1759.4534946236558
Coordinates (66.264575; -99.227603) - -99.227603
Coordinates (6.591967; -98.799045) - -98.799045
Coordinates (21.947223; -98.129518) - -98.129518
Coordinates (-67.835115; -97.226749) - -97.226749
Coordinates (87.975711; -96.911226) - -96.911226
Coordinates (69.024576; -96.764505) - -96.764505
Coordinates (25.220168; -96.202422) - -96.202422
Coordinates (-46.288308; -95.930514) - -95.930514
Coordinates (-73.804115; -95.565906) - -95.565906
Coordinates (-98.984759; -95.22736) - -95.22736
Coordinates (19.096853; -94.929014) - -94.929014
Coordinates (-26.563979; -94.543247) - -94.543247
Coordinates (-79.513115; -94.299924) - -94.299924
Coordinates (-13.509679; -93.986976) - -93.986976
Coordinates (-77.568687; -93.678729) - -93.678729
Coordinates (41.275646; -93.381868) - -93.381868
Coordinates (-46.152127; -92.518732) - -92.518732
Coordinates (59.694874; -91.744791) - -91.744791
Coordinates (69.00099; -90.234837) - -90.234837
Coordinates (-89.626224; -89.404637) - -89.404637
Coordinates (-85.147914; -88.255351) - -88.255351
Coordinates (-10.832702; -86.460797) - -86.460797
Coordinates (89.865415; -86.048945) - -86.048945
Coordinates (-1.8217; -86.011246) - -86.011246
Coordinates (92.510221; -85.735599) - -85.735599
Coordinates (-99.167678; -85.53424) - -85.53424
Coordinates (-88.707843; -85.098912) - -85.098912
Coordinates (-42.984082; -84.87503) - -84.87503
Coordinates (-97.038621; -83.840946) - -83.840946
Coordinates (-71.542131; -83.484605) - -83.484605
Coordinates (-61.557231; -82.78883) - -82.78883
Coordinates (-66.077976; -82.66572) - -82.66572
Coordinates (-95.89833; -82.294339) - -82.294339
Coordinates (37.509101; -82.078199) - -82.078199
Coordinates (55.630304; -82.052161) - -82.052161
Coordinates (-7.311598; -81.501252) - -81.501252
Coordinates (-80.088141; -81.216098) - -81.216098
Coordinates (49.346066; -80.99145) - -80.99145
Coordinates (96.221718; -80.663722) - -80.663722
Coordinates (-99.57739; -80.496301) - -80.496301
Coordinates (78.544288; -80.491254) - -80.491254
Coordinates (-34.85771; -79.862864) - -79.862864
Coordinates (22.845341; -79.828604) - -79.828604
Coordinates (-48.665337; -78.745629) - -78.745629
Coordinates (29.441476; -78.430344) - -78.430344
Coordinates (91.604462; -77.914589) - -77.914589
Coordinates (-27.679818; -77.744874) - -77.744874
Coordinates (-19.892768; -77.402413) - -77.402413
Coordinates (-31.307294; -77.293915) - -77.293915
Coordinates (-99.990624; -77.160166) - -77.160166
Coordinates (-41.762357; -76.601096) - -76.601096
Coordinates (-27.877949; -76.155208) - -76.155208
Coordinates (69.328434; -75.152745) - -75.152745
Coordinates (49.888632; -74.784017) - -74.784017
Coordinates (-54.489623; -74.666151) - -74.666151
Coordinates (-97.367707; -74.06732) - -74.06732
Fraction 94.555005/-1.283403 - -73.67522516310153
Coordinates (-89.698343; -73.659571) - -73.659571
Coordinates (17.823721; -72.765898) - -72.765898
Coordinates (50.067423; -72.266527) - -72.266527
Coordinates (-14.049743; -71.758681) - -71.758681
Coordinates (21.393775; -71.679489) - -71.679489
Coordinates (25.894111; -70.19188) - -70.19188
Coordinates (56.858907; -69.980231) - -69.980231
Coordinates (-52.702097; -69.587531) - -69.587531
Coordinates (-81.091322; -69.496442) - -69.496442
Coordinates (-14.691789; -69.12132) - -69.12132
Coordinates (-19.811121; -68.664182) - -68.664182
Coordinates (0.692197; -68.572163) - -68.572163
Coordinates (49.446113; -68.489065) - -68.489065
Coordinates (43.879983; -67.773436) - -67.773436
Coordinates (-11.979094; -66.805167) - -66.805167
Coordinates (-67.268645; -66.579113) - -66.579113
Coordinates (-64.202671; -65.455574) - -65.455574
Coordinates (87.542776; -65.339874) - -65.339874
Coordinates (-65.926371; -65.155623) - -65.155623
Coordinates (-78.496557; -64.31405) - -64.31405
Coordinates (-14.715355; -63.822763) - -63.822763
Coordinates (45.940313; -62.794292) - -62.794292
Coordinates (82.052311; -62.609867) - -62.609867
Coordinates (-42.562108; -62.350388) - -62.350388
Coordinates (18.22212; -62.187277) - -62.187277
Coordinates (11.381079; -61.939477) - -61.939477
Coordinates (35.468345; -60.07655) - -60.07655
Coordinates (-48.984701; -60.012369) - -60.012369
Coordinates (60.645337; -59.553533) - -59.553533
Coordinates (-48.130972; -59.53472) - -59.53472
Coordinates (-52.693791; -58.364905) - -58.364905
Coordinates (21.308434; -57.861688) - -57.861688
Coordinates (33.66511; -57.82737) - -57.82737
Coordinates (-5.221205; -57.823416) - -57.823416
Coordinates (92.618421; -57.679142) - -57.679142
Coordinates (58.775702; -56.708627) - -56.708627
Coordinates (-4.489754; -56.172788) - -56.172788
Coordinates (-60.395882; -55.798127) - -55.798127
Coordinates (14.985248; -55.692749) - -55.692749
Coordinates (88.720114; -55.682648) - -55.682648
Coordinates (63.058714; -54.637713) - -54.637713
Coordinates (15.740495; -54.003239) - -54.003239
Coordinates (-82.37397; -53.972153) - -53.972153
Coordinates (19.422702; -53.486989) - -53.486989
Coordinates (85.315159; -53.376223) - -53.376223
Coordinates (88.939357; -52.950963) - -52.950963
Coordinates (32.382832; -52.785704) - -52.785704
Coordinates (12.896826; -52.430824) - -52.430824
Coordinates (94.126826; -52.344009) - -52.344009
Coordinates (-27.967143; -50.566425) - -50.566425
Coordinates (3.927932; -50.513898) - -50.513898
Coordinates (29.368095; -50.147593) - -50.147593
Coordinates (-78.132569; -49.113506) - -49.113506
Coordinates (96.852802; -48.515309) - -48.515309
Coordinates (-36.490479; -47.041492) - -47.041492
Coordinates (95.950398; -45.253776) - -45.253776
Coordinates (-74.913359; -43.881381) - -43.881381
Coordinates (63.032477; -43.829785) - -43.829785
Coordinates (10.547519; -42.970164) - -42.970164
Coordinates (-33.722836; -42.346096) - -42.346096
Coordinates (74.682484; -41.765466) - -41.765466
Coordinates (-50.407538; -41.713747) - -41.713747
Coordinates (-59.786648; -40.65866) - -40.65866
Coordinates (-62.119727; -40.603969) - -40.603969
Coordinates (35.15009; -40.43029) - -40.43029
Coordinates (90.369976; -40.044961) - -40.044961
Coordinates (-72.383605; -39.014289) - -39.014289
Coordinates (42.417452; -39.008863) - -39.008863
Coordinates (-10.593284; -38.508425) - -38.508425
Coordinates (9.522592; -37.287983) - -37.287983
Coordinates (-3.834786; -37.223049) - -37.223049
Coordinates (-13.198286; -36.868394) - -36.868394
Coordinates (76.585651; -36.623148) - -36.623148
Coordinates (-54.626728; -35.474033) - -35.474033
Coordinates (-24.8872; -33.616607) - -33.616607
Fraction -79.50429/2.385752 - -33.324624688567795
Coordinates (-12.411672; -33.233624) - -33.233624
Coordinates (-77.55893; -32.569902) - -32.569902
Coordinates (-43.490593; -31.300575) - -31.300575
Coordinates (-98.185313; -31.231724) - -31.231724
Coordinates (-58.857161; -30.490809) - -30.490809
Coordinates (5.212235; -29.958504) - -29.958504
Coordinates (61.544904; -29.508331) - -29.508331
Coordinates (11.728959; -28.926251) - -28.926251
Coordinates (9.787603; -28.254518) - -28.254518
Coordinates (10.497004; -28.180926) - -28.180926
Coordinates (-35.0386; -27.911479) - -27.911479
Coordinates (53.372498; -27.061075) - -27.061075
Coordinates (2.680182; -27.043105) - -27.043105
Fraction -77.470412/3.009816 - -25.739251834663648
Coordinates (-23.62247; -25.159832) - -25.159832
Coordinates (26.070229; -24.673831) - -24.673831
Coordinates (-15.956375; -24.206791) - -24.206791
Coordinates (87.79267; -24.025114) - -24.025114
Coordinates (-29.410323; -23.397322) - -23.397322
Coordinates (6.569198; -22.850353) - -22.850353
Coordinates (43.239894; -21.822392) - -21.822392
Coordinates (-0.713807; -21.250782) - -21.250782
Coordinates (73.425348; -21.210314) - -21.210314
Coordinates (-57.686907; -20.140021) - -20.140021
Coordinates (78.30589; -19.954276) - -19.954276
Coordinates (-27.569134; -19.85819) - -19.85819
Coordinates (-16.068094; -19.172847) - -19.172847
Coordinates (-98.224589; -18.15664) - -18.15664
Coordinates (-66.078583; -16.699744) - -16.699744
Coordinates (47.893347; -16.56528) - -16.56528
Coordinates (2.588282; -15.045253) - -15.045253
Coordinates (86.898929; -14.534456) - -14.534456
Coordinates (80.907705; -14.338298) - -14.338298
Fraction -75.440365/5.290056 - -14.260787598467767
Coordinates (-37.191367; -13.052012) - -13.052012
Coordinates (22.218676; -12.770282) - -12.770282
Coordinates (91.727392; -12.700601) - -12.700601
Fraction -59.810625/4.709675 - -12.69952279085075
Coordinates (86.367011; -12.472481) - -12.472481
Coordinates (-47.623324; -12.215222) - -12.215222
Coordinates (90.736506; -12.165475) - -12.165475
Coordinates (13.750796; -11.442278) - -11.442278
Coordinates (-4.527715; -10.651496) - -10.651496
Coordinates (48.524519; -10.575474) - -10.575474
Fraction 76.448409/-7.62202 - -10.029940750614665
Coordinates (7.909716; -9.931017) - -9.931017
Coordinates (-32.729775; -9.816488) - -9.816488
Fraction 97.293423/-10.178978 - -9.558270290003573
Coordinates (37.477487; -9.484831) - -9.484831
Fraction -71.150747/7.531958 - -9.446514040572184
Fraction 67.870147/-7.870705 - -8.62313439520348
Coordinates (71.083766; -8.589525) - -8.589525
Coordinates (38.349068; -8.127053) - -8.127053
Coordinates (-42.785128; -7.938116) - -7.938116
Coordinates (79.211077; -7.892923) - -7.892923
Coordinates (-8.565877; -7.846345) - -7.846345
Coordinates (43.619877; -7.636756) - -7.636756
Coordinates (29.709025; -7.630443) - -7.630443
Coordinates (-7.158357; -6.922129) - -6.922129
Fraction -23.191733/3.68711 - -6.289948767462864
Fraction 63.181072/-10.19594 - -6.196689270435095
Fraction 70.756901/-12.201912 - -5.798837182238325
Coordinates (-44.761905; -5.498596) - -5.498596
Fraction 35.613565/-6.494141 - -5.483953151001804
Fraction 62.780734/-13.631297 - -4.60563173115515
Fraction -88.227901/19.268102 - -4.57896169534498
Coordinates (-95.019643; -4.535453) - -4.535453
Fraction 43.445346/-10.027612 - -4.332571503564358
Fraction -92.997232/23.187055 - -4.010739268095927
Fraction 86.543235/-21.989925 - -3.9355857284642854
Fraction 62.996352/-16.099551 - -3.9129260188684762
Fraction -20.936796/5.365398 - -3.9021888031419105
Fraction 82.605335/-21.661954 - -3.8133833632921568
Fraction -66.232567/17.402241 - -3.805979183945332
Fraction -72.199838/19.941309 - -3.620616780974609
Coordinates (10.622286; -3.578514) - -3.578514
Fraction 69.540952/-20.876627 - -3.3310434678935446
Fraction -21.380548/7.406042 - -2.8869061234057276
Fraction 79.723409/-31.168892 - -2.557787713467646
Fraction -61.794466/24.433322 - -2.529106193582682
Fraction 79.512053/-32.351415 - -2.4577612138448965
Coordinates (59.046253; -2.45586) - -2.45586
Fraction -35.970972/14.652128 - -2.454999847121183
Fraction 88.644418/-37.531305 - -2.361879449702055
Fraction -78.143072/33.511889 - -2.3318014690249185
Fraction -58.838157/27.381021 - -2.1488664356234195
Fraction -99.558156/47.380162 - -2.1012624650797944
Fraction 52.049747/-24.958605 - -2.085442956447286
Fraction -94.197874/47.02947 - -2.0029541902130727
Fraction -12.956838/6.529315 - -1.9844100031932903
Fraction -94.088589/48.245766 - -1.950193701971692
Fraction -60.932705/31.379945 - -1.941772205145675
Fraction -87.004616/45.380058 - -1.9172433847484285
Fraction 81.905733/-43.372329 - -1.8884328992339792
Fraction -56.169022/30.617337 - -1.8345495560244185
Fraction -43.788118/23.919297 - -1.8306607422450583
Fraction -34.639118/19.39159 - -1.7862959148785635
Fraction -89.66297/51.228578 - -1.7502529545130066
Fraction 47.958805/-27.817211 - -1.7240694978371482
Fraction 30.125179/-17.538747 - -1.71763575813027
Fraction 65.541034/-38.619538 - -1.6970952371310086
Fraction 98.839195/-58.548666 - -1.6881545174744035
Fraction -89.597936/54.541186 - -1.6427573833836322
Fraction 96.872641/-62.049804 - -1.561207848456701
Fraction 66.444962/-42.563803 - -1.5610673228611645
Fraction 97.721294/-63.597556 - -1.536557379657797
Coordinates (-7.26757; -1.520236) - -1.520236
Fraction -53.864528/36.034022 - -1.494824196976957
Fraction -99.475485/69.1266 - -1.4390333822291277
Fraction -75.502182/52.574251 - -1.4361057088573645
Fraction 48.757547/-34.626398 - -1.408103349357909
Fraction -77.407143/55.011511 - -1.4071081050655019
Fraction 79.776436/-58.802289 - -1.3566892948674159
Fraction -62.249669/46.387696 - -1.341943540373292
Fraction -49.21097/36.861902 - -1.3350089748488834
Fraction 77.991129/-59.134278 - -1.3188819012891304
Fraction -8.552068/6.502829 - -1.3151303840220925
Fraction -74.638961/58.183959 - -1.2828099407948503
Fraction 60.204775/-47.075233 - -1.2789055127990552
Fraction 99.784904/-78.23824 - -1.2753981173400628
Fraction 40.534388/-32.185839 - -1.2593857814301501
Fraction 65.96166/-53.268758 - -1.2382804194533688
Fraction -74.05252/60.141555 - -1.2313037133808729
Fraction -88.191305/75.349616 - -1.170428061637368
Fraction -18.316587/15.953053 - -1.1481555912840005
Coordinates (-18.317169; -1.136573) - -1.136573
Fraction -82.676/73.595458 - -1.1233845436494194
Fraction 67.597178/-61.301468 - -1.1027008031846806
Fraction 30.775984/-27.978977 - -1.0999681653836022
Fraction 84.0959/-78.242953 - -1.0748047814606383
Fraction 49.034304/-45.839488 - -1.069695717369269
Fraction -93.914768/89.641184 - -1.0476743368316064
Fraction -29.190264/27.995763 - -1.042667206462635
Fraction 41.65249/-41.422888 - -1.005542877647739
Fraction 90.654787/-92.84651 - -0.9763941261766329
Fraction 56.243792/-58.465979 - -0.961991793552281
Fraction 84.67277/-88.040038 - -0.9617529924282859
Fraction -82.069002/85.735538 - -0.9572343501244489
Fraction -46.486528/48.811232 - -0.952373584833917
Fraction -37.609906/39.569645 - -0.9504736774868716
Fraction -29.778282/31.368069 - -0.9493183019968492
Fraction 55.482048/-60.820425 - -0.9122272328744825
Fraction -57.838706/66.419003 - -0.8708156308820233
Fraction -38.802503/45.369232 - -0.8552603006372249
Fraction 37.553284/-43.9625 - -0.8542117486494171
Fraction -24.524565/29.13859 - -0.8416524272451069
Fraction -33.421591/40.637249 - -0.8224373406772688
Fraction -61.645625/75.120872 - -0.820619134985547
Fraction 31.423982/-39.64738 - -0.7925865971471507
Fraction 27.331269/-35.509754 - -0.7696834227575893
Fraction -65.387069/86.654508 - -0.7545720414222419
Fraction -41.264386/54.877247 - -0.7519397975630958
Fraction -68.932724/93.136316 - -0.7401272345794738
Fraction 49.014278/-67.179613 - -0.729600481622304
Fraction 18.066893/-26.041459 - -0.693774223633169
Fraction -64.156333/92.849678 - -0.6909699029866319
Fraction -48.683317/72.429341 - -0.6721491087430991
Fraction 17.298228/-26.010881 - -0.6650381430755844
Fraction -63.980739/96.840329 - -0.6606827925997649
Fraction -21.03168/32.863247 - -0.6399757151202984
Fraction -10.675668/16.824244 - -0.6345407258715459
Fraction 12.156902/-19.524245 - -0.6226567019620989
Fraction -55.616492/89.400193 - -0.6221070686055454
Fraction -46.38326/78.563034 - -0.5903954778528537
Fraction -17.221185/31.219684 - -0.5516130464357037
Fraction 36.9786/-67.4855 - -0.5479488186351142
Fraction -30.223725/56.05657 - -0.5391647223510108
Fraction -17.503481/32.882882 - -0.5322976556616905
Fraction -33.704185/65.478227 - -0.514738815392787
Fraction 45.659135/-91.221743 - -0.5005290789061112
Fraction -35.461049/71.88828 - -0.49327997553982383
Fraction -29.629745/61.635831 - -0.48072273090631323
Fraction -37.501875/78.08406 - -0.4802756798250501
Fraction -34.474796/72.974618 - -0.47242173984384533
Fraction 34.921049/-78.053462 - -0.4473991044753402
Fraction -40.725664/93.841953 - -0.4339814198027187
Fraction 28.23763/-66.47031 - -0.4248156808656376
Fraction -4.52059/10.793991 - -0.4188061672462021
Fraction -35.091717/87.170348 - -0.4025648377588214
Fraction 39.619254/-98.609164 - -0.40178064992012297
Fraction 29.101298/-74.091523 - -0.3927750007244419
Fraction -19.738731/50.287819 - -0.3925151536200049
Fraction 23.791667/-62.476718 - -0.3808085277462878
Fraction -29.927964/78.674483 - -0.38040242348971015
Fraction -24.336867/65.911389 - -0.36923614217870604
Fraction -22.535492/61.591852 - -0.36588430560587787
Fraction -25.827064/72.555744 - -0.3559616727243538
Fraction 15.344206/-50.785759 - -0.302135998400654
Fraction 12.201471/-41.07974 - -0.2970191875605834
Fraction 9.85221/-33.221141 - -0.2965644677887493
Coordinates (-75.748243; -0.294904) - -0.294904
Fraction 26.704434/-92.636481 - -0.28827124812739807
Fraction -27.776268/96.607785 - -0.2875158352921558
Fraction -5.887158/20.875754 - -0.28200935879968697
Fraction 19.192536/-69.215447 - -0.277286889442468
Fraction -20.802414/76.146958 - -0.2731877220886486
Fraction -19.622777/78.651773 - -0.24948931539025823
Fraction 15.804301/-70.331612 - -0.2247112009888242
Fraction -10.953067/49.788394 - -0.2199923741263878
Fraction 18.103521/-82.35986 - -0.21981000210539456
Fraction 19.755041/-93.370365 - -0.21157720653657075
Fraction -6.833046/33.581664 - -0.20347550377491716
Fraction 12.850348/-71.106407 - -0.18071997365863246
Fraction 10.784938/-62.927027 - -0.17138801106875748
Fraction 8.632975/-50.462949 - -0.17107551522603245
Fraction 11.866935/-70.160295 - -0.16914032359755612
Fraction -12.088016/71.735265 - -0.16850869652464517
Fraction -13.377231/83.543444 - -0.16012304927242407
Fraction 15.722515/-98.603977 - -0.15945112436996328
Fraction 12.388177/-95.781196 - -0.12933829934635604
Fraction 8.449313/-83.918905 - -0.1006842617882109
Fraction 3.24058/-38.983974 - -0.08312595324427416
Fraction -6.435354/84.80364 - -0.075885351147663
Fraction 4.042014/-73.019518 - -0.05535525446771642
Fraction -3.501869/82.194406 - -0.04260471205303193
Fraction -0.846565/27.410792 - -0.030884368463341007
Fraction -1.118624/86.684004 - -0.012904618480706084
Fraction -0.371215/74.795794 - -0.00496304645151571
Fraction -0.144476/84.531678 - -0.0017091344146746973
Fraction -0.008858/-42.63492 - 0.00020776396437474257
Fraction 0.480253/24.931632 - 0.01926279835993087
Fraction -3.514828/-94.248604 - 0.037293157148513306
Fraction 3.809564/94.629313 - 0.04025775818535215
Fraction -4.422694/-93.599182 - 0.0472514172185821
Fraction -4.044572/-79.553347 - 0.050841003584676324
Fraction 4.096367/66.829832 - 0.06129548552508706
Fraction -8.459653/-95.99539 - 0.08812561728224656
Fraction -8.767502/-78.278482 - 0.11200398597407651
Fraction 6.008688/51.698188 - 0.11622627856898969
Fraction -11.280577/-89.293282 - 0.1263317547226005
Fraction -8.392203/-63.246931 - 0.13268948970820418
Coordinates (35.530982; 0.141311) - 0.141311
Fraction -9.988734/-68.639735 - 0.14552407581410387
Fraction 7.640936/48.946432 - 0.15610813061920428
Fraction 15.394223/98.445692 - 0.15637274407091376
Fraction -17.253634/-95.858388 - 0.17999086318872795
Fraction -14.821151/-66.050359 - 0.22439167968791812
Fraction 14.663726/63.935456 - 0.22935202026243467
Fraction 22.255867/92.503521 - 0.24059480935866212
Fraction -17.384434/-71.2036 - 0.2441510541601829
Fraction 24.811921/91.541869 - 0.2710445096986167
Fraction -18.157479/-65.325439 - 0.2779541825964614
Fraction 22.282187/77.962544 - 0.2858063097581834
Fraction 27.391708/81.550005 - 0.3358884895224715
Fraction 28.019689/76.145018 - 0.36797796803987887
Fraction -22.943679/-57.546267 - 0.398699693239876
Fraction 13.839604/33.951787 - 0.407625200994575
Fraction -8.861922/-20.86316 - 0.42476412969080424
Fraction 34.653873/76.659789 - 0.45204759173026154
Fraction 42.504463/91.819245 - 0.4629145338757687
Fraction -34.138294/-71.422244 - 0.47797845724365645
Fraction -38.003691/-73.297692 - 0.5184841427203466
Fraction 36.690632/70.357254 - 0.5214903924476644
Fraction -48.50622/-92.73452 - 0.5230654129659591
Fraction -41.365705/-73.322398 - 0.564161922254643
Fraction -38.350629/-67.967621 - 0.5642485118024066
Fraction 45.132605/79.937355 - 0.5645996793364003
Fraction 45.23381/78.942171 - 0.5729993161703141
Fraction 45.780539/78.463561 - 0.5834624176692669
Fraction 18.538379/29.304037 - 0.6326220172326427
Fraction -35.694808/-55.750775 - 0.6402567139201205
Fraction -27.62371/-43.136794 - 0.6403746648394871
Fraction 57.653051/87.929861 - 0.6556708988770038
Fraction -45.217766/-67.448651 - 0.6704028224374717
Fraction -28.561389/-41.834267 - 0.6827271289347558
Fraction 40.683249/59.357628 - 0.6853920948458386
Fraction -59.068983/-86.01872 - 0.6866991626938881
Fraction -55.13237/-80.148491 - 0.6878778291658666
Fraction 33.974286/48.877911 - 0.6950846569527082
Fraction -55.76588/-80.206735 - 0.695276774450425
Fraction -42.45272/-60.055232 - 0.7068946132786565
Fraction 11.252002/15.04055 - 0.748111073065812
Fraction -68.438574/-89.612236 - 0.7637190751495142
Fraction 58.849411/76.908686 - 0.7651854954328566
Fraction 73.493814/92.313035 - 0.796136905259371
Fraction 80.732382/99.059675 - 0.8149873497969785
Fraction 30.626066/36.951307 - 0.8288222660161927
Fraction -68.544981/-79.709169 - 0.8599384720721402
Fraction 68.822604/79.411065 - 0.8666626495942348
Fraction 49.937931/57.545858 - 0.8677936646630587
Fraction -87.131683/-99.308384 - 0.8773849647981382
Fraction 34.787299/39.196758 - 0.8875044971831597
Fraction -71.355174/-79.511423 - 0.8974204121588921
Fraction -28.011552/-31.208111 - 0.8975728136829557
Fraction -83.117801/-91.321058 - 0.9101712444023591
Fraction -87.287881/-93.42147 - 0.9343449744475226
Fraction -90.909185/-92.468445 - 0.983137382703905
Fraction -96.496044/-96.288834 - 1.002151962916074
Fraction -36.669408/-36.361836 - 1.0084586487877014
Fraction -95.827217/-89.947345 - 1.0653701562842128
Fraction 61.900619/54.700579 - 1.1316263946675957
Fraction 81.902382/71.365152 - 1.147652316357429
Fraction 77.78975/66.002367 - 1.1785903072233757
Fraction -81.974059/-69.171709 - 1.1850807242596824
Fraction -90.726962/-75.206106 - 1.2063776044992942
Fraction -79.944716/-65.836132 - 1.214298494935881
Fraction -15.244696/-12.466642 - 1.222838997061117
Fraction 77.347266/63.039366 - 1.2269677014200937
Fraction -51.186256/-41.364525 - 1.2374433406403191
Fraction 79.024914/62.958895 - 1.2551826711698164
Fraction 91.755977/71.825965 - 1.2774764251340027
Fraction 74.580684/58.354037 - 1.278072397973083
Fraction -68.336845/-52.225335 - 1.3084998880332697
Fraction 80.01301/59.467424 - 1.3454931224194273
Fraction -87.968865/-64.337215 - 1.3673091848939993
Fraction 99.574917/72.803175 - 1.3677276712176358
Fraction 82.329472/59.688007 - 1.3793302229039075
Fraction -68.282592/-49.493063 - 1.3796396476815347
Fraction -77.417758/-55.404405 - 1.397321350170623
Fraction -91.054106/-64.917379 - 1.4026152534593241
Fraction 91.791377/64.266157 - 1.4283003883365857
Fraction -69.754003/-48.218776 - 1.446614965921159
Fraction 99.124098/68.20799 - 1.453262264435589
Coordinates (-91.982587; 1.523426) - 1.523426
Fraction -41.167928/-26.267292 - 1.5672695913990677
Fraction 79.508173/50.675828 - 1.5689565644590946
Fraction 38.738414/23.893952 - 1.6212644103411609
Fraction -38.918399/-23.566571 - 1.6514239173785614
Fraction -12.28764/-7.42955 - 1.653887516740583
Fraction 80.673268/48.762241 - 1.654420845834382
Fraction 22.993672/13.345552 - 1.7229464918348825
Fraction 84.514404/48.745414 - 1.7337919009160534
Fraction -7.778768/-4.400824 - 1.767570800377384
Fraction 92.70095/52.322489 - 1.7717228628018826
Fraction 33.311318/18.642291 - 1.786868255623732
Fraction 92.202824/49.753664 - 1.8531866115428204
Fraction -79.463356/-39.94509 - 1.989314731798076
Fraction 59.10747/29.076917 - 2.0327970121454073
Fraction 50.587043/24.597563 - 2.0565875977225874
Fraction -63.075506/-30.576825 - 2.062853353806355
Coordinates (-90.300064; 2.069805) - 2.069805
Fraction -93.123937/-44.421532 - 2.096369323777487
Fraction -96.860152/-44.164496 - 2.1931678332749454
Fraction 52.752766/23.516437 - 2.2432295334535586
Fraction -81.015407/-34.896355 - 2.3216008376806117
Fraction 33.635058/14.327897 - 2.347522319569997
Fraction -18.20439/-7.702219 - 2.363525368468489
Fraction -93.669353/-38.447356 - 2.436301549578598
Fraction 87.350705/33.693716 - 2.5924924695156806
Fraction 54.137176/20.285349 - 2.668782085040785
Coordinates (-14.717688; 2.870339) - 2.870339
Fraction -81.185464/-28.210496 - 2.8778460329091695
Coordinates (56.6061; 2.904972) - 2.904972
Fraction -88.14045/-29.819776 - 2.955771699961797
Coordinates (0.991204; 3.142501) - 3.142501
Fraction 56.761472/16.336438 - 3.474531718603529
Coordinates (-24.240168; 3.478146) - 3.478146
Fraction -40.260309/-11.544433 - 3.4874219461449516
Fraction -52.725003/-14.927889 - 3.5319798398822497
Coordinates (84.820819; 3.544447) - 3.544447
Fraction 41.723122/11.458294 - 3.6413031468733474
Fraction -16.894778/-4.062479 - 4.1587360820819015
Coordinates (23.785076; 5.149423) - 5.149423
Fraction -96.508679/-18.646685 - 5.175648057550175
Coordinates (69.600019; 5.366037) - 5.366037
Coordinates (0.295953; 5.403464) - 5.403464
Coordinates (-64.573404; 5.414991) - 5.414991
Fraction -48.444322/-8.904654 - 5.440337378633689
Coordinates (-55.454131; 5.950809) - 5.950809
Coordinates (51.458766; 6.161598) - 6.161598
Fraction 76.600781/11.980015 - 6.394047169390022
Coordinates (-82.471274; 6.488195) - 6.488195
Fraction -50.320994/-7.593325 - 6.627003848775075
Fraction -76.177744/-11.487953 - 6.631098159959395
Coordinates (-12.15854; 6.650519) - 6.650519
Complex number (-6.505825; 1.48191) - 6.672467023427317
Coordinates (-96.669884; 7.635055) - 7.635055
Coordinates (-34.131668; 7.916786) - 7.916786
Coordinates (-65.033998; 8.977085) - 8.977085
Coordinates (-57.381202; 9.071145) - 9.071145
Coordinates (43.853715; 9.221376) - 9.221376
Complex number (2.581244; -8.859803) - 9.228159609930087
Coordinates (45.070835; 9.234363) - 9.234363
Fraction 60.047795/6.422171 - 9.350077255806488
Coordinates (-68.959627; 9.544568) - 9.544568
Fraction 35.957673/3.719136 - 9.668286666580624
Fraction -73.488485/-7.586998 - 9.686108392278474
Coordinates (43.249354; 10.260422) - 10.260422
Fraction -83.163071/-7.610187 - 10.927861693805948
Coordinates (-97.084131; 11.079547) - 11.079547
Coordinates (5.21239; 11.694615) - 11.694615
Coordinates (-51.474832; 12.723488) - 12.723488
Coordinates (-96.903121; 13.323617) - 13.323617
Coordinates (-15.842551; 13.529663) - 13.529663
Coordinates (-75.467192; 13.615201) - 13.615201
Coordinates (-88.917872; 13.67588) - 13.67588
Complex number (10.326579; 9.249685) - 13.863437757009118
Coordinates (-66.632586; 14.546997) - 14.546997
Coordinates (2.698175; 15.209589) - 15.209589
Coordinates (-91.324198; 15.295869) - 15.295869
Fraction 98.705543/6.443666 - 15.318227698331974
Coordinates (19.020304; 15.320208) - 15.320208
Coordinates (7.072081; 15.754788) - 15.754788
Coordinates (-81.737154; 15.898773) - 15.898773
Complex number (4.366891; -15.324409) - 15.934467302208818
Coordinates (-91.126783; 15.993096) - 15.993096
Complex number (-16.410579; -3.016106) - 16.685442712690513
Complex number (5.979844; 15.726969) - 16.82545952392674
Coordinates (30.859876; 16.90443) - 16.90443
Complex number (16.450029; 5.30451) - 17.28413377757014
Fraction -98.456787/-5.68428 - 17.320889716903462
Complex number (5.444896; 16.903109) - 17.758434230435324
Complex number (-14.760125; 11.512123) - 18.718714325047916
Coordinates (-63.925547; 18.778436) - 18.778436
Coordinates (31.440182; 18.899454) - 18.899454
Complex number (18.507984; -5.703314) - 19.366808263801552
Coordinates (29.120297; 19.379801) - 19.379801
Coordinates (66.648659; 19.69626) - 19.69626
Coordinates (-5.06257; 19.914536) - 19.914536
Coordinates (67.106515; 20.365379) - 20.365379
Complex number (-1.515656; 20.621765) - 20.677388733240978
Coordinates (-29.78202; 20.682222) - 20.682222
Coordinates (13.884717; 21.170081) - 21.170081
Coordinates (-98.77561; 21.477335) - 21.477335
Complex number (18.955846; 10.336216) - 21.590772537692395
Complex number (-20.849108; -6.628919) - 21.87756548394325
Coordinates (-57.642819; 23.178893) - 23.178893
Coordinates (-91.827139; 24.364564) - 24.364564
Coordinates (34.197465; 24.827186) - 24.827186
Complex number (11.704741; -21.942218) - 24.868894077473673
Coordinates (3.542944; 25.133064) - 25.133064
Coordinates (67.22075; 25.192822) - 25.192822
Coordinates (46.145869; 25.431577) - 25.431577
Coordinates (-26.576307; 25.575972) - 25.575972
Coordinates (84.702543; 26.048631) - 26.048631
Complex number (-22.586571; -13.527244) - 26.327542987783286
Complex number (19.858137; -17.689764) - 26.59461139942573
Coordinates (-55.268717; 26.614439) - 26.614439
Coordinates (-35.828653; 26.797611) - 26.797611
Complex number (-24.257903; -11.391473) - 26.79946855941621
Complex number (17.578243; 20.406071) - 26.933294648521745
Complex number (27.049216; 1.673877) - 27.10095847799087
Complex number (14.21285; 23.179855) - 27.190270004976504
Coordinates (-71.786933; 27.256405) - 27.256405
Fraction -68.545577/-2.514627 - 27.25874533280681
Coordinates (-81.484791; 27.356566) - 27.356566
Coordinates (55.133084; 27.546548) - 27.546548
Coordinates (-63.599429; 27.581241) - 27.581241
Coordinates (40.067922; 27.681886) - 27.681886
Coordinates (-70.35395; 27.839704) - 27.839704
Coordinates (-11.332228; 29.026793) - 29.026793
Complex number (25.572603; -15.605089) - 29.957917599418188
Complex number (30.618541; 4.423734) - 30.936458676962964
Coordinates (-34.958782; 31.162554) - 31.162554
Complex number (10.819415; -29.636146) - 31.54934057433754
Complex number (27.554194; 17.831337) - 32.820575653044315
Complex number (-22.597832; 24.442807) - 33.28832866245275
Coordinates (-0.548296; 33.376067) - 33.376067
Complex number (30.805727; -13.120381) - 33.48338712830125
Complex number (30.566198; 14.350911) - 33.76745632565659
Complex number (6.321287; 33.544752) - 34.13515865025199
Complex number (3.468118; 33.98366) - 34.16016670710967
Complex number (1.772249; 34.556454) - 34.601869596484484
Coordinates (-3.409944; 35.095196) - 35.095196
Coordinates (74.010538; 35.138879) - 35.138879
Complex number (27.531273; -23.068318) - 35.91821666438429
Complex number (-28.352938; -23.098198) - 36.570696521655805
Coordinates (45.510057; 36.835688) - 36.835688
Coordinates (-83.486454; 36.959705) - 36.959705
Complex number (28.538505; 23.689355) - 37.089510753729954
Complex number (-33.356678; 16.884277) - 37.386451784147866
Coordinates (-44.731295; 37.679898) - 37.679898
Coordinates (-41.587382; 37.708467) - 37.708467
Complex number (22.761448; 30.51763) - 38.07110788870747
Coordinates (-62.262629; 38.146148) - 38.146148
Complex number (31.766233; -21.134568) - 38.15446924748021
Coordinates (11.523825; 38.183357) - 38.183357
Coordinates (-11.180533; 38.674058) - 38.674058
Complex number (21.424487; 32.576075) - 38.989861574758045
Complex number (38.013366; 10.874273) - 39.53815635469723
Coordinates (0.87985; 39.956752) - 39.956752
Coordinates (-34.476777; 39.957432) - 39.957432
Complex number (3.630134; 40.18207) - 40.34571380385847
Complex number (-39.483972; -8.34629) - 40.356469142640364
Complex number (-40.272296; -5.190053) - 40.60535032793615
Complex number (-35.704491; 20.152529) - 40.99920856144569
Coordinates (86.63523; 41.399052) - 41.399052
Complex number (22.971817; -34.708439) - 41.621870622284746
Complex number (-41.789343; -0.804521) - 41.79708653017684
Complex number (-41.513651; -5.67224) - 41.89937381354763
Complex number (28.902441; 30.75194) - 42.202285595949434
Coordinates (22.248236; 42.270974) - 42.270974
Coordinates (-77.156717; 42.286873) - 42.286873
Coordinates (17.4394; 42.639988) - 42.639988
Coordinates (88.66298; 42.81825) - 42.81825
Complex number (29.489946; 31.504343) - 43.15298996529169
Complex number (-31.703525; 29.342366) - 43.19824000932886
Complex number (-38.56633; -19.80293) - 43.35340639735014
Coordinates (-20.015289; 43.502491) - 43.502491
Complex number (-23.362334; 36.889003) - 43.66459884461972
Complex number (-23.233612; 37.157158) - 43.8229975835007
Complex number (38.497538; -21.214379) - 43.955776735454066
Complex number (12.652564; 42.161389) - 44.018974297266595
Fraction 94.293142/2.137194 - 44.120066779150605
Complex number (-7.986509; 43.418316) - 44.14673816130629
Coordinates (-43.141319; 44.190469) - 44.190469
Coordinates (-29.898948; 44.364487) - 44.364487
Coordinates (98.622076; 44.475325) - 44.475325
Coordinates (-7.121423; 44.795055) - 44.795055
Complex number (-6.541995; 45.452409) - 45.92079248535794
Complex number (41.213346; -21.095742) - 46.29870645111244
Coordinates (12.57313; 46.391389) - 46.391389
Coordinates (-74.905019; 46.429703) - 46.429703
Coordinates (31.312731; 46.530882) - 46.530882
Coordinates (-77.963366; 47.522281) - 47.522281
Complex number (-39.142909; -27.616632) - 47.90454767561954
Coordinates (-10.624798; 48.0901) - 48.0901
Coordinates (45.555256; 48.580521) - 48.580521
Complex number (-41.488937; 25.443701) - 48.669434083081036
Complex number (47.791877; 9.479419) - 48.722919573448074
Coordinates (94.008417; 49.001653) - 49.001653
Coordinates (6.110439; 49.030881) - 49.030881
Complex number (27.510454; -40.793676) - 49.20314096558361
Complex number (-35.22967; 34.729632) - 49.46996045242329
Coordinates (25.781986; 49.561859) - 49.561859
Complex number (-4.838874; 49.527552) - 49.76337115490248
Complex number (38.492692; -31.692061) - 49.86054620473571
Complex number (47.604657; 15.601249) - 50.09593135622543
Complex number (43.733265; 24.638891) - 50.19634864479792
Complex number (-18.982267; -46.484306) - 50.21072758645233
Complex number (-45.56214; -21.15225) - 50.23272122274584
Coordinates (-77.525759; 50.594134) - 50.594134
Complex number (27.040784; 42.886331) - 50.69952056949076
Coordinates (-15.056079; 51.672754) - 51.672754
Complex number (51.456358; -4.810529) - 51.68073110825741
Complex number (52.044509; -0.764435) - 52.05012274644802
Coordinates (96.950333; 52.095046) - 52.095046
Complex number (24.402103; -46.623977) - 52.62373857983807
Complex number (27.771427; 44.780342) - 52.69280014625616
Complex number (27.730829; 45.872014) - 53.602616964504975
Complex number (0.234701; -53.749314) - 53.749826418603405
Complex number (48.225988; -23.913108) - 53.829198886810566
Complex number (-51.117453; 16.8977) - 53.83796306043914
Complex number (32.193143; 43.218237) - 53.8907641957935
Complex number (-20.244904; 49.943782) - 53.890977894567285
Coordinates (-79.724697; 54.154762) - 54.154762
Coordinates (74.568224; 54.3156) - 54.3156
Complex number (-40.475611; -36.39992) - 54.43555145150751
Complex number (5.348996; 54.27154) - 54.534501117912654
Coordinates (-79.8581; 54.603116) - 54.603116
Coordinates (-94.309492; 54.660189) - 54.660189
Complex number (-54.901818; -3.653329) - 55.02323538731038
Coordinates (66.612327; 55.274824) - 55.274824
Complex number (-51.134603; -21.122325) - 55.32540318310598
Coordinates (24.558262; 55.678115) - 55.678115
Complex number (21.871151; 51.954253) - 56.37013083941539
Complex number (29.931793; -47.911032) - 56.492293452291996
Complex number (31.749327; -46.907735) - 56.64234606531719
Complex number (56.173671; -8.456878) - 56.80669061935508
Coordinates (-72.231008; 56.828443) - 56.828443
Coordinates (35.325687; 57.069239) - 57.069239
Complex number (39.007933; -41.70494) - 57.10447318149507
Coordinates (36.93536; 57.186462) - 57.186462
Coordinates (-22.74027; 57.237348) - 57.237348
Complex number (-0.713963; 57.405406) - 57.409845681644235
Coordinates (12.926058; 57.546555) - 57.546555
Complex number (54.119362; -19.970442) - 57.68642732014532
Coordinates (32.887616; 58.345064) - 58.345064
Coordinates (-10.671074; 58.598926) - 58.598926
Complex number (-50.391176; 29.941397) - 58.6153382057511
Coordinates (38.100348; 58.75069) - 58.75069
Complex number (-55.479526; 19.455952) - 58.792107237374815
Complex number (51.946968; 27.891669) - 58.961281227586845
Complex number (-44.425402; -40.19865) - 59.91283505797488
Complex number (-59.966415; -1.757248) - 59.99215655805123
Coordinates (35.562472; 60.37934) - 60.37934
Complex number (55.922905; 23.232535) - 60.55676664226096
Complex number (-61.502841; -2.826848) - 61.567771769704194
Complex number (-47.685936; -38.952237) - 61.572926351605744
Complex number (-3.27033; -61.80329) - 61.88975450858567
Complex number (-33.286154; 53.402734) - 62.927101051824025
Complex number (53.645919; -32.955449) - 62.95987805059792
Complex number (-34.780631; 52.535754) - 63.00553738447658
Complex number (-61.858157; 13.232899) - 63.25773631249264
Complex number (63.109799; -4.729067) - 63.28673482263791
Complex number (-0.785116; 63.625522) - 63.63036583979334
Complex number (-22.066678; 59.741177) - 63.68631334361421
Complex number (-53.71441; -34.244591) - 63.701882659819255
Coordinates (48.56038; 63.957582) - 63.957582
Complex number (-5.390901; 63.820324) - 64.04760392908369
Complex number (38.662119; 51.252831) - 64.19978295200633
Complex number (62.589403; 14.744236) - 64.30261163529912
Complex number (20.796855; -60.849355) - 64.30515672795651
Complex number (8.912777; 63.79927) - 64.41882059138175
Complex number (64.355746; 4.654255) - 64.52382608635
Complex number (25.225028; -59.404604) - 64.53843052009864
Complex number (-40.413355; 50.495741) - 64.67657320463961
Complex number (63.080444; 14.341641) - 64.69022400494542
Complex number (45.154175; -46.836334) - 65.05798723054826
Coordinates (-48.348626; 65.178915) - 65.178915
Complex number (26.868806; -59.442545) - 65.23303528077366
Complex number (-63.239826; -16.17122) - 65.27468076366728
Complex number (65.91374; -2.080531) - 65.94656723461473
Complex number (4.489558; -65.874405) - 66.02721685138174
Complex number (62.953379; -20.312667) - 66.14931872793952
Complex number (-66.035946; -4.683069) - 66.20179226708048
Complex number (39.815081; 52.974287) - 66.26851256965807
Complex number (49.891402; -43.719821) - 66.33682794494808
Complex number (-37.679525; -54.737157) - 66.45226076416267
Complex number (49.327048; 45.228845) - 66.92388276563405
Coordinates (-7.456022; 67.010027) - 67.010027
Coordinates (-99.012413; 67.069142) - 67.069142
Complex number (64.485172; -18.676989) - 67.13544016371462
Complex number (-65.35438; 16.052261) - 67.29688007921706
Complex number (40.123993; -54.172604) - 67.41369177255363
Coordinates (-70.587566; 67.454356) - 67.454356
Complex number (-65.392891; -16.649919) - 67.47925604246421
Complex number (67.822447; 2.586479) - 67.87174810394417
Complex number (-67.11904; -10.670165) - 67.96188602186395
Complex number (68.081894; -0.36948) - 68.08289657540752
Complex number (30.098144; 61.723355) - 68.67074213011507
Complex number (49.735673; -47.622816) - 68.85905730209197
Complex number (-52.135844; -45.020692) - 68.88402527256373
Complex number (-55.864291; 40.714136) - 69.12640507909533
Complex number (68.160823; 11.639516) - 69.14749543368569
Complex number (58.682068; -36.610992) - 69.16610325860991
Complex number (-42.324118; 55.153449) - 69.52146359990938
Complex number (27.737411; 63.874806) - 69.6373090413505
Complex number (63.33021; -29.155896) - 69.71930701180926
Complex number (12.78296; 68.645937) - 69.82598895088826
Coordinates (-46.66685; 70.183957) - 70.183957
Complex number (62.981733; -31.149808) - 70.2638543642473
Complex number (-70.384604; 1.686837) - 70.40481446109622
Complex number (-28.767608; 64.368417) - 70.50438551698436
Complex number (-35.845585; -60.781836) - 70.56442128667337
Complex number (-48.377665; 51.841685) - 70.90810090879215
Complex number (68.179745; -19.743611) - 70.9808974554728
Complex number (-53.09711; -47.276699) - 71.09422872982519
Complex number (-21.123415; 68.037543) - 71.24118134014255
Complex number (-58.053628; 41.304411) - 71.24800412656698
Complex number (66.510933; 25.871863) - 71.36566053517096
Coordinates (69.604632; 71.895786) - 71.895786
Coordinates (9.156886; 72.156842) - 72.156842
Complex number (-44.399071; -57.051827) - 72.29238182340495
Complex number (72.117363; -5.187488) - 72.30369338992243
Complex number (-47.165624; -54.952888) - 72.41834012769085
Complex number (-9.419026; -72.234855) - 72.8463611147441
Coordinates (-16.242984; 72.888369) - 72.888369
Coordinates (44.201158; 73.106963) - 73.106963
Complex number (6.742334; 72.83885) - 73.15023675347918
Coordinates (-40.633946; 73.185317) - 73.185317
Complex number (-34.964581; -64.668714) - 73.51574317735866
Complex number (-61.899711; 39.868848) - 73.62811462159428
Coordinates (43.766231; 73.694816) - 73.694816
Complex number (65.411123; 34.004815) - 73.7220622019308
Complex number (-33.932574; 65.840219) - 74.06992653049845
Complex number (-59.929528; 43.892361) - 74.2838318913147
Complex number (-72.891091; 14.552606) - 74.32960035249428
Coordinates (66.207508; 74.654269) - 74.654269
Complex number (-55.071349; -50.602052) - 74.7891780091913
Complex number (70.478294; 25.638184) - 74.99670928759669
Complex number (7.713579; -74.637513) - 75.03504279877777
Complex number (2.969761; 75.186397) - 75.24502491353651
Coordinates (37.224986; 75.476786) - 75.476786
Complex number (-20.18754; 72.770005) - 75.51827857513454
Complex number (11.400483; -74.684206) - 75.54933248205259
Coordinates (28.216119; 76.212434) - 76.212434
Complex number (-59.557445; 48.087688) - 76.5474688811679
Complex number (-72.608779; -24.40057) - 76.59910315529642
Complex number (-74.004802; 20.098431) - 76.68544612715613
Complex number (-43.543248; -63.186755) - 76.73708656066849
Complex number (-71.984015; 26.746763) - 76.792497983191
Complex number (-44.753066; -62.493378) - 76.8652015560438
Complex number (-33.563591; 69.322294) - 77.02009534035723
Complex number (76.863561; -6.766281) - 77.16080331471208
Complex number (-63.972731; -43.144014) - 77.16162424178587
Coordinates (-48.152601; 77.206192) - 77.206192
Coordinates (-20.450561; 77.830772) - 77.830772
Complex number (-61.482735; -47.779666) - 77.86541713849468
Coordinates (89.100326; 77.910638) - 77.910638
Complex number (69.406105; -35.408062) - 77.91622594727538
Coordinates (-30.221413; 78.046521) - 78.046521
Complex number (-64.358498; 44.850398) - 78.44472235641099
Coordinates (42.381196; 78.464761) - 78.464761
Complex number (-63.194941; 47.062259) - 78.7937611120104
Coordinates (-56.530768; 78.879487) - 78.879487
Coordinates (-51.717018; 79.070744) - 79.070744
Complex number (-76.917217; -18.851234) - 79.1936063981673
Complex number (-52.990544; 58.952573) - 79.26792300001473
Complex number (-61.010499; -50.704869) - 79.33009976381072
Coordinates (50.572292; 79.394252) - 79.394252
Complex number (24.011675; 75.976921) - 79.68094540695327
Complex number (65.52292; 46.135308) - 80.13563308280071
Complex number (58.46229; 54.931854) - 80.22062039102799
Complex number (54.344592; -59.538015) - 80.61085478883528
Complex number (-79.321954; -14.689096) - 80.6705765919355
Complex number (58.98203; 55.084293) - 80.70414610310148
Complex number (40.624125; -69.795046) - 80.7568447758934
Complex number (60.666032; 53.34023) - 80.78086144055364
Complex number (-26.794411; 76.440852) - 81.00089083042745
Complex number (3.024014; 81.019286) - 81.07570144390975
Complex number (-22.400773; -78.095083) - 81.24430207574201
Coordinates (33.644899; 81.40929) - 81.40929
Coordinates (0.013001; 81.456773) - 81.456773
Coordinates (93.373678; 81.461916) - 81.461916
Complex number (16.999576; -79.775257) - 81.56639757642742
Coordinates (24.41909; 81.696931) - 81.696931
Complex number (-79.165164; 21.520067) - 82.03801847211685
Complex number (-25.288832; -78.044462) - 82.03939951507243
Complex number (-43.129243; 70.240796) - 82.42512374553444
Complex number (-21.147979; -79.789281) - 82.54432977668061
Complex number (75.801887; 33.468102) - 82.86157085309917
Complex number (-51.987526; -64.757869) - 83.04387067702129
Complex number (66.647708; 49.560573) - 83.05520680692807
Coordinates (-79.351285; 83.370181) - 83.370181
Complex number (58.731368; -59.290357) - 83.45489812071472
Complex number (77.094772; 32.060493) - 83.49538359175934
Complex number (34.969912; 76.246338) - 83.88324507133703
Coordinates (37.197273; 83.918178) - 83.918178
Complex number (-6.363076; -83.923193) - 84.1640722606566
Complex number (52.205735; 66.022046) - 84.16857682601234
Coordinates (-55.654849; 84.310202) - 84.310202
Complex number (-41.840121; 73.398619) - 84.48640716944828
Complex number (20.095085; -82.167808) - 84.58936761013223
Complex number (-84.373052; -9.748414) - 84.93434805371794
Complex number (-6.189999; 85.043925) - 85.26889976436676
Coordinates (67.49078; 85.349811) - 85.349811
Complex number (77.002842; -37.35409) - 85.58484512929297
Complex number (-9.040631; -85.235247) - 85.71336150233037
Complex number (-16.215076; -84.351823) - 85.89620907298007
Complex number (28.022515; -81.502145) - 86.18503922680694
Complex number (-78.88474; -37.402091) - 87.3024548110755
Complex number (-66.178168; -56.993315) - 87.337207847088
Complex number (27.142346; 83.239014) - 87.5525008099478
Coordinates (59.929139; 87.825833) - 87.825833
Complex number (80.834007; 35.130812) - 88.13802039673567
Complex number (-14.619282; 87.059159) - 88.27808658995053
Complex number (13.563377; -87.321438) - 88.36853925482741
Coordinates (-2.625348; 88.547829) - 88.547829
Coordinates (83.254582; 88.610255) - 88.610255
Complex number (80.837427; 36.384347) - 88.64823918497613
Complex number (-72.553685; -51.422646) - 88.92876772293958
Coordinates (-21.641693; 89.121649) - 89.121649
Coordinates (99.050522; 89.278572) - 89.278572
Coordinates (-75.534837; 89.328098) - 89.328098
Complex number (85.083904; -27.254503) - 89.34247955848453
Complex number (-72.607564; -52.909368) - 89.84018907022357
Coordinates (-35.765699; 89.915215) - 89.915215
Coordinates (-89.494148; 90.020806) - 90.020806
Coordinates (84.025651; 90.050475) - 90.050475
Complex number (56.526175; -70.352864) - 90.24817966659006
Complex number (80.986494; -40.54231) - 90.56760519384476
Complex number (-10.984283; 90.253397) - 90.91936066132284
Complex number (60.520742; -68.135116) - 91.13261899322337
Coordinates (-65.172851; 91.222176) - 91.222176
Complex number (-71.863196; 56.197442) - 91.22758040569629
Complex number (87.262961; -26.643441) - 91.23977921284116
Coordinates (17.728027; 91.293651) - 91.293651
Complex number (91.18759; -5.331065) - 91.34329107297549
Complex number (-53.430376; 74.682764) - 91.82766640931845
Complex number (-28.922585; -87.281752) - 91.94900845181381
Complex number (85.272873; 35.670295) - 92.43285571192288
Complex number (-41.558518; -82.680757) - 92.53765718046559
Complex number (-70.023581; -60.714452) - 92.67980674194278
Complex number (72.351744; 58.513239) - 93.05145887149034
Complex number (-32.3148; -87.351414) - 93.13708083700818
Coordinates (-52.355031; 93.17646) - 93.17646
Complex number (12.342368; 92.422435) - 93.24291146879021
Complex number (51.514119; 77.759862) - 93.27540187319059
Complex number (-0.94069; 93.51367) - 93.51840126170357
Coordinates (-78.153316; 93.538822) - 93.538822
Coordinates (1.759777; 93.678941) - 93.678941
Complex number (-75.232477; -55.989209) - 93.78015312421499
Complex number (1.294217; -93.80731) - 93.81623743829844
Complex number (-72.26329; 59.935598) - 93.88428510268214
Complex number (73.017101; 59.098082) - 93.93657612731542
Coordinates (47.544903; 94.083474) - 94.083474
Complex number (-94.269043; -2.068824) - 94.29174142457452
Coordinates (-4.427574; 94.438799) - 94.438799
Complex number (-56.54009; -75.951466) - 94.68583296754196
Complex number (64.731784; 69.105332) - 94.68764845877672
Coordinates (-60.892387; 94.899746) - 94.899746
Complex number (-84.649325; -43.142144) - 95.00922487775786
Coordinates (-75.261008; 95.096834) - 95.096834
Complex number (-71.554995; -62.935419) - 95.2941985335707
Complex number (79.323688; -53.111746) - 95.46258450874804
Complex number (-8.911677; 95.359566) - 95.77507407807464
Complex number (-63.767757; 71.511042) - 95.81313041925316
Complex number (80.956302; 53.289519) - 96.92107958935746
Coordinates (-40.711933; 96.985478) - 96.985478
Complex number (-94.00997; -23.865995) - 96.99206244193864
Complex number (10.344287; -96.989795) - 97.53986163451532
Complex number (29.509539; -92.992211) - 97.56210431648674
Coordinates (-31.675527; 97.811779) - 97.811779
Complex number (-81.242469; 54.528751) - 97.84540589540197
Complex number (-85.352868; -48.754423) - 98.29601130202768
Coordinates (5.615743; 98.350138) - 98.350138
Complex number (65.744207; -73.27255) - 98.44372675575295
Complex number (96.699396; 18.977542) - 98.54400178157258
Complex number (98.754783; -2.253379) - 98.78048836837532
Complex number (16.009678; -97.650941) - 98.95461620282889
Complex number (-98.286277; -13.425356) - 99.19895377597217
Coordinates (-32.699541; 99.288321) - 99.288321
Complex number (99.410475; 1.511) - 99.42195763877126
Complex number (84.01876; 54.081339) - 99.91968404659075
Complex number (-94.104755; 34.368153) - 100.18420461450714
Complex number (-98.105973; -20.34207) - 100.1927230399575
Complex number (-99.353708; -13.097341) - 100.2132707510315
Complex number (60.924914; 79.694264) - 100.3146094066517
Complex number (-78.621656; 62.580335) - 100.48712913052377
Complex number (-98.91829; -17.842412) - 100.51457487599419
Complex number (-38.007816; -93.102527) - 100.56179498634451
Complex number (-65.029998; 76.779196) - 100.61781938745453
Complex number (96.395953; -28.898417) - 100.63447848468287
Complex number (-99.774904; 13.566217) - 100.69296753944789
Complex number (35.775691; 94.138527) - 100.70731022253156
Complex number (-66.813145; -76.049678) - 101.23018259735932
Complex number (85.102217; 55.179887) - 101.42587080054012
Complex number (60.087921; 82.053473) - 101.70216655245831
Complex number (-67.729437; -76.545875) - 102.20835394356271
Complex number (-96.071094; 35.131881) - 102.29322638843199
Complex number (-71.640724; 73.464297) - 102.61284651030975
Complex number (29.95731; -98.913022) - 103.35001859510517
Complex number (87.269839; 55.692547) - 103.52625073107367
Complex number (-51.186102; -90.105362) - 103.62911414803008
Complex number (99.593979; -28.723395) - 103.65323957010926
Complex number (-98.817935; 32.105149) - 103.90247768930453
Complex number (-96.400465; 38.818213) - 103.92258326624484
Complex number (78.663621; -68.39695) - 104.24062566069978
Complex number (51.918034; 90.413945) - 104.26007723423277
Complex number (-66.081572; -81.248214) - 104.7284413909659
Complex number (98.217961; 39.920623) - 106.02086588830358
Complex number (89.287044; 57.528475) - 106.2153551144257
Complex number (68.635805; 81.225281) - 106.34105510820825
Complex number (58.091692; 90.178698) - 107.26995037007367
Complex number (80.678715; -70.772928) - 107.3213044634867
Complex number (99.182377; -41.724454) - 107.60145895371608
Complex number (76.136635; -77.108194) - 108.36263549335102
Complex number (-74.784932; -79.365762) - 109.04911843790975
Complex number (-46.263154; -98.831362) - 109.12340506418758
Complex number (-48.702296; 97.908263) - 109.35237354236435
Complex number (-76.374718; -79.133813) - 109.97844293086938
Complex number (-73.290448; -83.121966) - 110.81854989010576
Complex number (69.854322; 86.836228) - 111.44575718863265
Complex number (-75.833216; 82.14522) - 111.79675226835104
Complex number (61.229722; -93.935194) - 112.12894152722087
Complex number (97.826881; -55.167258) - 112.30995058954805
Complex number (79.904188; 79.576622) - 112.77020009235697
Complex number (98.553677; -56.872382) - 113.78618143067396
Complex number (-87.46521; 73.439469) - 114.20822460464947
Complex number (-92.83046; -67.06916) - 114.52408710361851
Complex number (-99.353791; -57.040522) - 114.56350612696944
Complex number (-84.14389; 79.165534) - 115.53084435698224
Complex number (94.879543; -66.354906) - 115.78040088960516
Complex number (-88.922688; 74.645527) - 116.0999532396679
Complex number (84.745562; -80.232516) - 116.7007579340687
Complex number (74.619313; 89.74164) - 116.71162676649473
Complex number (80.309723; -86.353037) - 117.92581823951912
Complex number (-92.347033; -75.58275) - 119.33451554963294
Complex number (-72.377254; -95.084901) - 119.49730245809032
Complex number (90.177054; -80.074131) - 120.59754360485157
Complex number (-81.136024; -89.906747) - 121.1044076268514
Complex number (-77.358532; -93.452977) - 121.31694598594854
Complex number (-91.848815; 80.032505) - 121.82531212141117
Complex number (97.328736; 75.802517) - 123.36492384342068
Complex number (77.268866; -97.663861) - 124.53396082335644
Complex number (80.994198; 95.386942) - 125.134842525072
Complex number (88.691706; -90.330799) - 126.5933330044234
Complex number (89.782165; 90.53245) - 127.50279077373062
Complex number (80.154362; -99.434441) - 127.71816552319223
Complex number (-87.647889; -96.21342) - 130.15058445605507
Complex number (95.63347; -89.566518) - 131.02641615676293
Complex number (-89.188484; 99.5598) - 133.6665233117786
Complex number (98.28264; 97.38351) - 138.358322284168
Complex number (99.147348; 97.509414) - 139.0621531332537
